grid size 3

1 2 3
4 5 6
7 8 *

* 1 3
4 2 5
7 8 6

7 2 4
6 * 5
8 3 1

8 1 2
* 4 3
7 6 5

grid size 4

13 1 2 4
5 * 3 7
9 6 10 12
15 8 11 14

2 3 4 *
1 5 7 8
9 6 10 12
13 14 11 15

1 2 3 4
5 6 7 8
9 10 11 12
13 14 15 *

case 1
13 1 2 4
5 0 3 7
9 6 10 12
15 8 11 14

13 1 2 4
5 * 3 7
9 6 10 12
15 8 11 14


case 2
3 9 1 15
14 11 4 6
13 0 10 12
2 7 8 5

3 9 1 15
14 11 4 6
13 * 10 12
2 7 8 5



case 3

5 3 9 11
7 10 15 4
2 13 12 1
6 14 8 0

5 3 9 11
7 10 15 4
2 13 12 1
6 14 8 *


case 4

1 2 3 4
5 6 7 8
9 10 11 12
13 15 14 0

1 2 3 4
5 6 7 8
9 10 11 12
13 15 14 *


case 5

1 2 3 4
5 6 7 8
9 10 11 12
13 14 15 0

1 2 3 4
5 6 7 8
9 10 11 12
13 14 15 *


case 6

2 3 4 0
1 5 7 8
9 6 10 12
13 14 11 15

2 3 4 *
1 5 7 8
9 6 10 12
13 14 11 15



case 7

05 01 07 03
09 02 11 04
13 06 15 08
00 10 14 12

05 01 07 03
09 02 11 04
13 06 15 08
* 10 14 12

case 8
2 6 5 4
1 * 3 8
9 10 7 11
13 14 15 12


2 6 5 4
1 0 3 8
9 10 7 11
13 14 15 12

case 9

5 1 14 4
3 * 2 10
9 6 8 7
13 15 11 12

1 2 3 4
5 6 7 8
9 10 11 12
13 14 15 0

case 10
06 02 08 11
03 * 12 04
01 05 14 07
09 10 13 15

1 2 3 4
5 6 7 8
9 10 11 12
13 14 15 0


0 2 3 4
1 5 7 8
10 6 11 12
9 13 14 15

1 2 3 4
5 6 7 8
9 10 11 13
12 15 14 0


05 01 03 12
00 07 09 02
06 10 15 04
13 14 08 11

1 2 3 4
5 6 7 8
9 10 11 12
13 14 15 0


02 05 08 11
09 00 13 07
15 01 04 10
03 14 06 12

1 2 3 4
5 6 7 8
9 10 11 12
13 14 15 0


12 15 06 10
04 09 05 08
14 13 00 02
01 07 11 03

1 2 3 4
5 6 7 8
9 10 11 12
13 14 15 0


5 3 9 11
7 10 15 4
2 14 12 1
6 13 8 0

1 2 3 4
5 6 7 8
9 10 11 12
13 14 15 0


05 02 04 08
10 00 03 14
13 06 11 12
01 15 09 07

1 2 3 4
5 6 7 8
9 10 11 12
13 14 15 0


1 9 2 3
5 12 11 10
13 6 0 8
7 14 15 4

1 2 3 4
5 6 7 8
9 10 11 12
13 14 15 0


13 2 10 3
1 12 8 4
5 0 9 6
15 14 11 7

1 2 3 4
5 6 7 8
9 10 11 12
13 14 15 0


1 5 4 9
0 3 2 13
15 10 11 6
8 14 7 12

0 1 2 3
4 5 6 7
8 9 10 11
12 13 14 15


11 0 3 13
10 7 1 8
6 2 15 4
9 5 14 12

1 2 3 4
5 6 7 8
9 10 11 12
13 14 15 0


05 08 07 11
01 06 12 02
09 00 13 10
14 03 04 15

1 2 3 4
5 6 7 8
9 10 11 12
13 14 15 0


8 5 7 12
9 15 6 3
1 0 4 2
13 14 10 11

1 2 3 4
5 6 7 8
9 10 11 12
13 14 15 0


11 04 12 02
05 10 03 15
14 01 06 07
00 09 08 13

1 2 3 4
5 6 7 8
9 10 11 12
13 14 15 0


12 1 10 2
7 11 4 14
5 0 9 15
8 13 6 3

1 2 3 4
5 6 7 8
9 10 11 12
13 14 15 0


06 13 07 10
08 09 11 00
15 02 12 05
14 03 01 04

1 2 3 4
5 6 7 8
9 10 11 12
13 14 15 0


02 05 13 12
01 00 03 15
09 07 14 06
10 11 08 04

1 2 3 4
5 6 7 8
9 10 11 12
13 14 15 0
